!	ＮＨＫ総合１・東京	!	0	14	32736	32736	1024	1	0	1	1
!	ＮＨＫ総合２・東京	!	0	14	32736	32736	1025	1	0	1	1
!	ＮＨＫＥテレ１東京	!	0	13	32737	32737	1032	1	0	1	2
!	ＮＨＫＥテレ２東京	!	0	13	32737	32737	1033	1	0	1	2
!	ＮＨＫＥテレ３東京	!	0	13	32737	32737	1034	1	0	1	2
!	チバテレ１	!	0	4	32327	32327	27704	1	0	1	3
!	チバテレ２	!	0	4	32327	32327	27705	1	0	1	3
!	ｔｖｋ１	!	0	5	32375	32375	24632	1	0	1	3
!	ｔｖｋ２	!	0	5	32375	32375	24633	1	0	1	3
!	ｔｖｋ３	!	0	5	32375	32375	24634	1	0	1	3
!	テレ玉１	!	0	6	32295	32295	29752	1	0	1	3
!	テレ玉２	!	0	6	32295	32295	29753	1	0	1	3
!	テレ玉３	!	0	6	32295	32295	29754	1	0	1	3
!	日テレ１	!	0	12	32738	32738	1040	1	0	1	4
!	日テレ２	!	0	12	32738	32738	1041	1	0	1	4
!	テレビ朝日	!	0	11	32741	32741	1064	1	0	1	5
!	テレビ朝日	!	0	11	32741	32741	1065	1	0	1	5
!	テレビ朝日	!	0	11	32741	32741	1066	1	0	1	5
!	ＴＢＳ１	!	0	9	32739	32739	1048	1	0	1	6
!	ＴＢＳ２	!	0	9	32739	32739	1049	1	0	1	6
!	テレビ東京１	!	0	10	32742	32742	1072	1	0	1	7
!	テレビ東京２	!	0	10	32742	32742	1073	1	0	1	7
!	テレビ東京３	!	0	10	32742	32742	1074	1	0	1	7
!	フジテレビ	!	0	8	32740	32740	1056	1	0	1	8
!	フジテレビ	!	0	8	32740	32740	1057	1	0	1	8
!	フジテレビ	!	0	8	32740	32740	1058	1	0	1	8
!	ＴＯＫＹＯ　ＭＸ１	!	0	7	32391	32391	23608	1	0	1	9
!	ＴＯＫＹＯ　ＭＸ１	!	0	7	32391	32391	23609	1	0	1	9
!	ＴＯＫＹＯ　ＭＸ２	!	0	7	32391	32391	23610	1	0	1	9
!	Ｊ：ＣＯＭテレビ	!	0	1	32397	32397	23656	1	0	1	10
!	Ｊ：ＣＯＭテレビ	!	0	1	32397	32397	23657	1	0	1	10
!	Ｊ：ＣＯＭチャンネル	!	0	24	32399	32399	23672	1	0	1	11
!	Ｊ：ＣＯＭチャンネル	!	0	24	32399	32399	23673	1	0	1	11
